F 1816.177650 1846.743685 3.725539
D C 364.9 -287.9 1415.4 -461.6 1742.8 248.9 1129.7 565.4 538.4 591.2 896.5 1317.5
W C 1346.0 1886.4 358.8 1445.4 479.2 660.3 1175.7 735.5 1691.1 1044.5 1794.2 228.9
F 1816.170377 1847.544781 3.725853
D C 366.0 -288.8 1416.7 -462.0 1741.8 248.8 1129.9 565.4 540.6 593.7 897.6 1319.0
W C 1344.6 1887.2 358.0 1445.5 480.7 661.7 1176.1 736.2 1690.9 1042.2 1794.7 228.2
F 1815.192389 1848.186422 3.726570
D C 366.2 -289.0 1418.2 -462.5 1741.8 248.8 1131.1 566.1 541.5 594.6 900.0 1322.6
W C 1343.8 1887.4 357.6 1445.2 482.2 662.8 1176.0 736.5 1690.4 1042.5 1794.9 226.5
F 1816.625872 1847.568284 3.725649
D C 366.2 -288.9 1417.4 -462.3 1737.0 248.1 1129.5 565.3 540.5 593.6 896.8 1317.9
W C 1344.3 1887.3 356.0 1445.2 483.1 663.9 1175.8 735.4 1691.0 1041.5 1794.8 227.7
F 1816.383955 1845.533113 3.724982
D C 365.1 -288.1 1419.4 -462.9 1739.8 248.5 1128.6 564.8 537.0 589.7 898.0 1319.6
W C 1346.2 1885.4 355.7 1444.2 482.0 662.7 1176.4 736.5 1691.3 1046.0 1793.5 226.2
F 1815.841996 1847.371494 3.725944
D C 365.1 -288.1 1413.4 -460.9 1740.2 248.6 1129.9 565.5 538.2 591.0 896.5 1317.5
W C 1344.8 1886.9 359.4 1445.7 480.1 661.1 1175.1 734.6 1691.0 1044.7 1794.5 228.0
F 1815.947643 1847.985387 3.726135
D C 364.7 -287.8 1418.5 -462.6 1734.9 247.8 1132.6 566.8 539.8 592.8 897.2 1318.4
W C 1345.5 1887.4 354.7 1444.7 484.9 665.3 1174.0 732.7 1690.9 1043.1 1795.0 227.9
F 1815.671326 1848.239375 3.726361
D C 364.9 -287.9 1417.5 -462.3 1738.0 248.2 1131.9 566.5 540.7 593.8 897.5 1318.9
W C 1345.3 1887.5 356.2 1445.1 483.1 663.7 1174.7 734.0 1690.7 1042.3 1795.0 228.3
F 1815.504940 1847.954567 3.726332
D C 365.2 -288.2 1416.6 -462.0 1739.8 248.5 1132.5 566.8 539.6 592.6 898.1 1319.8
W C 1344.9 1887.3 357.7 1445.3 482.2 662.9 1174.5 733.7 1690.8 1044.1 1794.8 227.7
F 1817.268411 1848.216791 3.724937
D C 365.8 -288.6 1417.7 -457.6 1739.7 248.5 1129.9 565.5 539.5 592.4 897.2 1318.4
W C 1345.4 1888.3 358.3 1442.6 480.5 663.3 1175.3 735.8 1691.3 1043.5 1794.3 227.4
F 1814.997204 1847.932128 3.726566
D C 364.1 -287.3 1419.0 -462.8 1739.0 248.4 1133.0 567.0 539.7 592.7 898.8 1320.8
W C 1346.2 1887.0 355.7 1444.5 483.4 663.8 1174.4 733.8 1690.5 1044.4 1794.7 227.5
F 1816.042611 1847.220327 3.725787
D C 364.5 -287.7 1416.9 -462.1 1743.3 249.0 1132.5 566.8 539.1 592.1 896.9 1318.1
W C 1346.5 1886.7 358.3 1445.4 479.9 660.9 1174.7 733.8 1691.1 1044.4 1794.5 229.8
F 1816.736039 1846.474904 3.725170
D C 365.0 -288.0 1423.0 -464.1 1741.8 248.8 1130.1 565.6 541.0 594.1 897.9 1319.5
W C 1347.1 1886.2 353.8 1444.2 482.3 663.1 1176.7 736.8 1691.0 1041.7 1794.2 228.8
F 1816.093605 1847.532242 3.725886
D C 365.2 -288.2 1416.0 -461.8 1740.2 248.6 1131.2 566.1 539.4 592.4 896.8 1317.9
W C 1345.3 1887.1 357.8 1445.4 481.2 662.1 1175.0 734.3 1691.0 1043.5 1794.7 228.7
F 1800.739828 1832.997927 3.721295
D C 352.2 -286.8 1402.9 -457.5 1715.5 250.4 1074.3 550.0 518.5 594.6 878.1 1325.0
W C 1340.7 1880.9 350.4 1440.3 479.0 662.8 1192.4 765.2 1690.7 1037.3 1791.8 214.5
F 1770.025002 1814.611231 3.727021
D C 313.8 -287.5 1365.2 -463.9 1681.8 240.2 1048.8 549.2 488.9 592.9 846.9 1321.6
W C 1342.2 1882.0 351.3 1440.4 478.7 665.2 1189.3 759.0 1688.8 1036.9 1794.8 217.5
F 1725.777213 1792.676684 3.726291
D C 279.2 -282.2 1324.1 -454.4 1640.5 244.6 1000.7 547.8 445.3 586.2
W C 1333.7 1874.6 358.4 1437.5 481.5 673.1 1188.8 774.3 1677.6 1051.4
F 1707.886089 1792.719220 3.735592
D C 260.9 -280.4 1277.2 -447.1 1622.9 242.0 985.4 543.3 432.6 584.3
W C 1327.8 1880.7 374.8 1442.0 475.8 663.2 1185.8 772.3 1675.8 1052.9
F 1667.295231 1766.372659 3.731667
D C 216.5 -277.0 1229.1 -443.0 1564.3 248.0 933.0 544.7 379.5 588.2
W C 1325.8 1878.5 370.9 1443.4 479.3 665.6 1184.5 772.7 1679.5 1050.7
F 1642.315022 1749.713379 3.732545
D C 187.9 -278.9 1197.8 -440.1 1532.9 243.0 902.1 541.6 348.6 590.7
W C 1323.4 1879.7 372.4 1440.4 477.2 668.3 1184.1 774.3 1683.0 1048.3
F 1613.746413 1733.856123 3.734262
D C 155.6 -276.2 1169.5 -441.9 1500.5 242.6 873.3 546.4 318.8 593.1
W C 1323.9 1879.3 369.3 1440.6 479.5 670.9 1185.1 771.5 1682.1 1048.7
F 1584.096730 1714.130508 3.731803
D C 124.8 -274.1 1131.1 -439.3 1466.0 246.2 832.9 546.4 280.4 594.1
W C 1321.6 1876.3 370.8 1443.2 476.7 668.7 1186.7 774.2 1684.1 1048.6
F 1571.800902 1705.468830 3.728055
D C 113.1 -277.2 1117.5 -438.0 1443.4 251.6 818.1 551.1 264.3 597.6
W C 1318.0 1878.0 369.0 1445.4 482.0 671.7 1185.9 770.7 1685.1 1045.2
F 1529.783915 1680.346265 3.731082
D C 67.3 -274.8 1066.3 -436.9 1395.6 247.7 770.4 547.0 214.8 601.8
W C 1315.5 1876.5 370.2 1444.5 479.9 672.2 1184.5 773.7 1690.0 1044.0
F 1523.813490 1653.737221 3.715901
D C 1026.6 -435.5 1364.7 246.5 735.6 539.4 184.2 595.6
W C 386.4 1454.8 476.1 671.8 1187.8 771.0 1698.7 1032.4
F 1490.758761 1633.803405 3.712335
D C 997.1 -433.8 1324.9 251.9 698.2 545.7 146.0 600.5
W C 382.0 1454.4 479.7 675.4 1188.4 769.8 1698.9 1030.3
F 1465.135357 1620.064961 3.716612
D C 958.2 -434.5 1292.7 249.9 666.4 544.3 474.7 1317.1 112.0 603.8
W C 380.9 1457.0 476.3 668.9 1190.8 766.3 1796.4 199.2 1709.5 1028.6
F 1428.497949 1606.588680 3.720595
D C -47.4 -285.1 925.1 -422.9 1257.2 251.0 631.5 545.5 438.5 1317.1 81.6 604.0
W C 1306.9 1883.2 377.1 1447.4 472.1 667.8 1188.0 768.0 1798.2 203.2 1702.6 1031.4
F 1400.906433 1587.187952 3.720167
D C -78.6 -288.4 896.0 -426.3 1220.4 251.5 601.9 546.3 407.1 1316.5 48.0 606.7
W C 1305.0 1884.3 373.8 1448.2 477.4 670.3 1186.6 765.6 1796.8 203.4 1705.4 1029.2
F 1364.720596 1557.585120 3.714897
D C 848.2 -429.4 1172.2 252.8 550.1 540.9 358.9 1316.4 -4.2 609.6
W C 376.9 1453.8 479.1 671.4 1188.4 771.1 1795.7 198.8 1713.8 1024.9
F 1348.192033 1550.270983 3.714882
D C 833.9 -428.6 1149.7 255.4 535.0 545.7 342.8 1320.9 -21.1 610.9
W C 373.6 1454.0 483.9 674.8 1187.9 768.2 1795.8 196.9 1712.8 1026.1
F 1319.587709 1533.175597 3.719224
D C 801.3 -430.7 1119.8 252.3 506.2 542.3 317.0 1321.4 -51.5 614.4
W C 373.4 1453.1 484.2 674.3 1186.1 770.4 1795.5 197.0 1714.8 1025.2
F 1271.056584 1506.443349 3.718530
D C 743.2 -420.3 1069.2 254.8 450.7 543.2 262.7 1326.0 -104.8 612.2
W C 379.6 1450.9 478.9 672.9 1185.8 772.9 1797.4 193.8 1712.2 1029.4
F 1258.354806 1496.634137 3.720219
D C 724.6 -421.6 1054.6 251.3 437.8 541.0 248.2 1316.0 -122.5 613.4
W C 380.3 1451.2 476.5 671.1 1184.2 770.5 1795.2 198.8 1717.7 1028.3
F 1215.784137 1470.554510 3.719992
D C 681.4 -422.0 1006.0 252.8 390.4 541.0 199.3 1322.5 -167.7 618.9
W C 377.5 1450.6 479.1 673.7 1183.2 773.4 1797.6 198.0 1716.6 1024.3
F 1201.845486 1464.287352 3.718595
D C 664.2 -417.0 990.9 255.5 375.1 544.0 182.3 1319.4 -184.1 619.0
W C 379.2 1450.9 476.8 672.6 1183.4 771.3 1796.6 199.9 1718.0 1025.4
F 1184.440712 1443.832984 3.707018
D C 632.6 -416.4 954.7 261.8 340.5 546.0 145.9 1324.3
W C 386.1 1457.2 482.6 671.6 1189.7 765.5 1802.6 182.7
F 1156.864474 1427.275876 3.709385
D C 600.0 -416.4 924.3 259.6 313.0 545.7 117.1 1324.1
W C 387.0 1457.2 482.1 672.1 1188.0 764.4 1803.8 183.3
F 1123.123769 1408.990868 3.712774
D C 565.1 -415.8 892.5 259.6 281.0 546.6 85.1 1335.0
W C 388.0 1455.5 482.2 673.2 1185.2 766.7 1805.6 181.6
F 1080.918960 1385.648467 3.705504
D C 518.1 -408.9 845.8 268.6 232.5 552.9 27.6 1332.7
W C 390.2 1457.9 479.9 671.1 1185.1 763.2 1805.9 184.9
F 1070.587648 1376.682032 3.710062
D C 506.2 -414.8 830.8 263.9 219.6 550.2 23.5 1330.5
W C 386.6 1457.8 483.2 671.8 1187.6 764.2 1803.7 183.2
F 1041.931804 1356.980666 3.705245
D C 477.6 -411.3 797.6 264.2 186.2 548.0 -17.4 1336.7
W C 387.7 1454.1 482.5 675.4 1184.0 766.5 1806.8 181.0
F 1012.708590 1341.385985 3.710169
D C 442.9 -413.4 768.5 265.0 157.6 551.3 -42.1 1337.7
W C 387.6 1456.6 483.0 672.9 1184.8 765.0 1805.6 182.5
F 982.629791 1321.442424 3.706116
D C 412.3 -411.7 732.1 265.1 123.6 552.2 -83.4 1341.0
W C 387.2 1454.7 483.5 676.8 1182.7 763.8 1807.7 181.8
F 969.386610 1313.130509 3.705417
D C 396.0 -412.7 718.6 267.7 109.5 552.9 -99.9 1340.5
W C 388.2 1456.8 483.5 674.4 1181.7 762.7 1807.6 183.1
F 927.138344 1286.958587 3.703590
D C 351.1 -414.0 669.9 270.9 62.8 555.0 -150.2 1344.9
W C 386.8 1457.4 486.1 675.1 1180.3 761.9 1807.8 182.7
F 899.177241 1268.599691 3.705165
D C 320.9 -415.8 639.9 270.2 31.9 553.6 -180.6 1353.2
W C 386.7 1455.6 487.2 676.2 1178.4 764.7 1808.7 180.5
F 874.064242 1254.112293 3.703473
D C 291.5 -415.9 612.0 274.1 1.3 557.3 -209.2 1346.5
W C 386.2 1459.0 486.6 672.8 1182.3 762.0 1805.9 183.2
F 848.825470 1234.016661 3.696211
D C 259.1 -419.8 579.9 274.8 -29.7 560.6
W C 387.4 1464.5 484.7 670.5 1183.9 752.1
F 807.788794 1209.398253 3.694804
D C 214.4 -418.7 534.3 275.6 -76.7 561.9
W C 387.4 1463.9 484.2 671.1 1184.5 752.0
F 792.567316 1202.425758 3.692481
D C 201.0 -417.5 520.5 278.7 -95.3 567.1
W C 387.2 1462.9 483.1 672.2 1185.6 751.8
F 751.841131 1177.875328 3.690589
D C 156.5 -420.1 471.2 282.9 -139.0 568.0
W C 385.4 1465.3 487.7 671.8 1182.9 749.9
F 736.290641 1171.419226 3.689196
D C 142.9 -418.5 452.7 285.2 -155.2 572.6
W C 383.6 1465.0 489.3 674.1 1183.2 747.9
F 699.180875 1154.127285 3.688380
D C 110.2 -416.7 423.6 285.4
W C 383.0 1458.0 482.0 682.0
F 658.904902 1127.749164 3.680357
D C 66.5 -419.3 375.4 287.9
W C 383.0 1458.0 482.0 682.0
F 642.400943 1116.452323 3.673805
D C 49.9 -423.1 356.3 291.0
W C 383.0 1458.0 482.0 682.0
F 601.400356 1093.490994 3.671443
D C 4.2 -422.5 309.2 293.0
W C 383.0 1458.0 482.0 682.0
F 587.138971 1082.580417 3.666496
D C -11.4 -425.9 290.8 293.1
W C 383.0 1458.0 482.0 682.0
F 560.172139 1067.203461 3.658527
D C -39.0 -426.5 257.8 295.7
W C 383.0 1458.0 482.0 682.0
F 516.389500 1040.713963 3.649654
D C -86.6 -430.1 204.9 297.1
W C 383.0 1458.0 482.0 682.0
F 502.469237 1030.873325 3.646742
D C -102.3 -432.3 187.1 295.9
W C 383.0 1458.0 482.0 682.0
F 460.432062 1007.949779 3.636431
D C -146.8 -436.5 137.0 299.6
W C 383.0 1458.0 482.0 682.0
F 449.065431 999.720846 3.649104
D C -165.7 -434.5 126.2 295.0
W C 383.0 1458.0 482.0 682.0
F 412.397416 973.465900 3.746824
D C 111.4 279.3
W C
F 360.862649 937.476082 3.905744
D C 87.3 262.1 -513.4 1503.6
W C 482.0 682.0 1805.0 190.0
F 350.959629 924.360960 3.934097
D C 78.5 256.7 -485.0 1510.9
W C 482.0 682.0 1805.0 190.0
F 328.076624 876.553544 4.034133
D C 53.9 237.6 -385.1 1552.8
W C 482.0 682.0 1805.0 190.0
F 320.248706 860.814493 4.063326
D C 44.0 233.1 -357.2 1562.8
W C 482.0 682.0 1805.0 190.0
F 306.346186 830.374902 4.136016
D C 28.3 225.5 -276.6 1587.1
W C 482.0 682.0 1805.0 190.0
F 286.244386 789.805843 4.236063
D C 12.0 220.5
W C
F 270.727899 748.384782 4.336109
D C -3.5 218.5
W C
F 258.968990 705.030478 4.431503
D C -31.5 220.8
W C
F 258.968990 705.030478 4.431503
D C
W C
F 255.833437 659.325366 4.615309
D C 122.1 1605.2
W C
F 261.836891 614.911102 4.813076
D C 253.5 1583.1
W C
F 275.613041 573.035813 4.996883
D C 310.7 1567.9
W C
F 267.691101 642.768619 4.744285
D C 493.5 1497.5 -73.5 911.2
W C 1805.0 190.0 1191.0 747.0
F 281.467499 638.613415 4.781160
D C 546.3 1473.2 -45.1 905.1
W C 1805.0 190.0 1191.0 747.0
F 261.915817 531.224695 4.994171
D C 718.3 1366.3 51.8 899.4 -70.7 1510.6
W C 1806.3 214.6 1158.9 735.8 1723.7 1029.6
F 307.142654 566.027176 5.036319
D C 821.0 1281.3 108.2 882.4
W C 1805.0 190.0 1191.0 747.0
F 301.622655 540.652451 5.096085
D C 865.4 1230.7 138.0 879.0
W C 1805.0 190.0 1191.0 747.0
F 328.979930 510.304956 5.237325
D C 990.5 1087.7 221.3 842.1
W C 1805.0 190.0 1191.0 747.0
F 346.378562 506.955962 5.283065
D C 1034.3 1035.8 249.3 824.2
W C 1805.0 190.0 1191.0 747.0
F 366.021901 464.326925 5.434444
D C 1117.9 868.2 321.9 778.7
W C 1805.0 190.0 1191.0 747.0
F 388.214808 454.852244 5.523921
D C 1169.4 756.9 368.4 738.9
W C 1805.0 190.0 1191.0 747.0
F 399.727692 440.162197 5.578575
D C 1186.4 692.7 388.9 718.3
W C 1805.0 190.0 1191.0 747.0
F 451.735086 424.557155 5.727318
D C 1228.1 496.6 441.6 640.4
W C 1805.0 190.0 1191.0 747.0
F 465.162970 422.773030 5.769876
D C 1241.8 441.1 458.4 619.1
W C 1805.0 190.0 1191.0 747.0
F 510.560728 408.299124 5.931286
D C 1244.9 232.8 503.6 533.0
W C 1805.0 190.0 1191.0 747.0
F 537.122880 403.784641 6.032555
D C 1219.6 102.2 521.9 470.9
W C 1805.0 190.0 1191.0 747.0
F 558.559985 289.966560 6.199509
D C 1209.0 41.7 528.2 442.3 598.4 1583.6
W C 1820.5 227.9 1146.9 704.3 1319.6 1885.9
F 613.918268 313.773567 6.264762
D C 1155.2 -77.2 513.9 389.1 -227.3 1102.7
W C 1822.2 210.6 1159.6 711.4 397.2 1473.0
F 631.183242 314.085501 6.287764
D C 1138.0 -104.2 504.8 377.4 -217.7 1107.8
W C 1823.1 210.5 1157.9 711.6 398.0 1472.9
F 687.534645 316.198579 6.324395
D C 1079.7 -145.8 471.7 359.5 -234.2 1119.0
W C 1819.8 210.6 1164.0 711.4 395.2 1473.1
F 704.245468 319.918702 6.324621
D C 1061.5 -150.0 458.2 358.1 -251.2 1114.9
W C 1818.3 209.3 1166.8 713.4 393.9 1472.3
F 755.120175 323.106677 0.040326
D C 1016.0 -149.9 411.8 358.0 -302.9 1118.1
W C 1817.5 209.9 1168.2 712.5 393.3 1472.7
F 787.344110 318.852925 0.065396
D C 985.4 -154.7 381.6 355.0 618.0 1482.2 -325.8 1120.5
W C 1813.3 225.9 1156.7 710.5 1324.2 1888.0 375.9 1451.6
F 806.201236 320.209289 0.050832
D C 965.4 -154.6 363.7 357.6 -338.5 1125.2
W C 1818.9 210.5 1165.7 711.5 394.5 1473.0
F 853.539474 325.652953 0.047799
D C 920.6 -156.1 865.4 667.9 316.4 356.2 -393.2 1128.9
W C 1806.9 210.5 1709.8 1054.4 1161.1 707.1 394.2 1466.0
F 886.406763 355.463276 0.015269
D C 887.6 -156.1 828.7 664.3 284.4 355.9
W C 1795.3 209.9 1722.3 1046.8 1171.3 723.4
F 923.039839 353.800935 0.020136
D C 850.6 -157.7 797.1 663.4 250.3 355.9
W C 1794.7 210.3 1723.1 1047.4 1171.2 722.3
F 955.674819 353.733568 0.025424
D C 818.5 -162.2 765.7 657.4 220.1 357.8
W C 1796.4 209.3 1721.2 1045.6 1171.3 725.2
F 972.259961 354.635466 0.028270
D C 802.3 -166.7 749.5 655.6 206.9 358.1
W C 1796.7 207.6 1719.0 1046.0 1173.3 726.4
F 1023.348736 359.007162 0.023607
D C 758.5 -167.3 700.8 660.0 156.1 358.9
W C 1797.1 207.4 1718.7 1045.6 1173.2 727.0
F 1041.583606 359.218926 0.023174
D C 739.3 -167.8 679.8 660.2 139.5 359.2
W C 1797.1 206.0 1717.0 1046.3 1174.9 727.6
F 1090.372294 361.133580 0.022566
D C 693.8 -171.0 631.8 664.6 94.7 360.3
W C 1796.5 203.9 1714.6 1048.1 1178.0 727.9
F 1119.369705 363.355012 0.019243
D C 666.3 -170.7 595.6 658.1 63.8 362.6
W C 1800.0 202.9 1711.9 1044.0 1177.1 733.2
F 1137.656851 363.633850 0.025154
D C 648.8 -174.7 583.1 656.4 47.9 363.1
W C 1799.9 203.0 1712.1 1044.0 1177.0 733.0
F 1185.971267 365.803950 0.025869
D C 603.7 -176.6 536.2 654.4 -0.3 365.0
W C 1801.5 202.9 1711.4 1042.0 1176.1 735.1
F 1219.001339 365.319924 0.024255
D C 570.1 -174.4 500.0 654.1 -32.9 366.1
W C 1802.0 202.4 1710.5 1041.6 1176.6 736.1
F 1250.279613 368.823162 0.022128
D C 540.6 -176.3 467.2 651.6 -64.7 364.7
W C 1802.8 202.1 1709.7 1040.5 1176.4 737.4
F 1283.266386 372.150621 0.084682
D C 495.0 -211.8 473.4 623.2 -72.1 366.8
W C 1801.8 200.6 1708.3 1042.7 1178.9 736.8
F 1303.249680 376.037820 0.121391
D C 467.3 -233.0 477.6 609.1 -77.0 367.7
W C 1800.3 199.6 1707.6 1045.1 1181.1 735.3
F 1347.102092 378.278610 0.313906
D C 384.1 -301.2 513.5 530.3 421.7 1394.0 -68.8 368.2
W C 1819.1 205.4 1681.4 1060.9 1316.9 1877.7 1162.6 717.0
F 1386.535600 401.422956 0.460797
D C 292.0 -357.5 542.5 445.9 577.0 1315.3 -59.0 372.3
W C 1819.1 205.6 1682.5 1060.5 1316.6 1877.4 1161.9 717.5
F 1398.987443 413.197395 0.510368
D C 255.9 -377.3 547.0 414.2 621.5 1275.8 -54.4 372.7
W C 1819.7 202.4 1682.7 1061.9 1315.5 1875.3 1162.1 721.4
F 1423.244815 442.001588 0.560814
D C 187.9 -402.9 556.5 357.8 -47.5 373.2
W C 1799.9 198.7 1706.6 1046.1 1182.5 735.2
F 1442.044951 455.240722 0.701635
D C 120.7 -424.8 560.1 299.9 791.8 1126.0 -41.8 374.4
W C 1820.7 200.5 1684.1 1065.6 1315.9 1872.1 1159.3 722.8
F 1460.598166 482.296550 0.804915
D C 45.3 -442.5 558.3 237.8 874.6 1034.6 -34.7 373.1
W C 1821.7 199.8 1682.8 1066.9 1316.9 1871.2 1158.6 723.1
F 1472.797865 500.678867 0.807909
D C 8.6 -446.6 556.9 207.5 -31.4 374.2
W C 1800.6 199.2 1706.9 1044.9 1181.5 735.9
F 1495.152103 536.736183 1.008216
D C -104.3 -453.2 534.5 120.4 998.4 846.7 194.9 1410.6 -21.0 374.8
W C 1829.6 199.9 1682.1 1063.8 1307.7 1859.7 383.4 1473.0 1160.1 722.6
F 1505.934548 563.123718 1.122274
D C -178.0 -446.0 512.5 55.6 1055.3 725.2 322.9 1383.0 -9.3 369.3 -318.6 961.9
W C 1837.2 202.2 1681.6 1059.0 1306.1 1854.2 377.2 1471.9 1162.3 717.9 480.6 695.8
F 1528.406712 600.947231 1.271455
D C 488.7 -19.1 1115.7 575.6 473.2 1325.7 13.1 361.8 -220.7 993.5
W C 1694.6 1073.1 1302.2 1866.0 374.6 1464.0 1178.5 722.9 490.1 685.0
F 1530.861015 630.563360 1.400671
D C 456.0 -83.1 1153.1 425.6 612.4 1247.4 33.3 351.8
W C 1693.4 1075.4 1301.8 1865.5 380.5 1463.2 1182.3 725.0
F 1518.354803 667.317570 1.581390
D C 388.3 -177.5 791.3 1096.5 58.8 334.4
W C 1694.7 1064.2 394.6 1460.3 1177.6 723.5
F 1518.629013 688.964527 1.655857
D C 361.4 -204.4 1167.8 112.3 848.8 1048.9 66.9 327.2
W C 1695.0 1073.9 1303.3 1865.9 379.3 1460.6 1180.4 728.6
F 1508.294043 718.274944 1.793156
D C 299.1 -257.6 1139.5 -48.1 958.3 919.4 80.4 309.7
W C 1697.2 1073.7 1299.9 1862.2 378.6 1464.5 1182.3 728.6
F 1494.860793 746.541304 1.922049
D C 230.0 -296.1 1093.5 -195.8 1039.4 787.0 91.0 291.0
W C 1697.6 1070.5 1298.8 1861.7 377.2 1465.2 1184.5 731.5
F 1477.272926 772.200664 2.055627
D C 160.0 -329.9 1025.6 -345.0 1108.0 642.3 100.3 272.9
W C 1698.2 1072.6 1301.5 1858.6 374.1 1464.8 1184.2 733.1
F 1465.798277 780.965252 2.117494
D C 126.2 -345.2 988.0 -411.9 1127.3 564.2 103.5 264.0
W C 1699.6 1073.9 1300.9 1860.1 376.7 1463.9 1180.9 731.1
F 1434.233836 808.346541 2.297793
D C 21.0 -374.4 861.3 -590.0 1181.2 351.4 111.6 238.2
W C 1703.0 1075.8 1301.1 1855.9 374.7 1464.8 1179.2 732.5
F 1404.673982 829.937453 2.386184
D C -50.1 -379.6 773.3 -670.2 1165.1 240.1 99.6 227.0
W C 1705.1 1075.0 1299.9 1860.6 379.3 1461.7 1173.7 731.7
F 1375.437355 853.521020 2.428611
D C -106.3 -380.6 702.3 -697.0 1136.0 194.4 558.8 694.9 69.4 222.0
W C 1710.2 1075.5 1298.8 1856.4 372.7 1459.4 483.8 690.8 1174.5 729.0
F 1361.055017 894.566710 2.487085
D C 638.2 -720.6 1103.8 147.3 549.8 679.4 42.0 219.2
W C 1291.9 1877.1 373.2 1462.6 491.5 685.5 1190.4 742.8
F 1322.562528 927.950955 2.494267
D C 583.9 -723.9 1056.0 144.2 505.9 678.8 -5.6 223.2
W C 1292.7 1877.9 372.8 1461.2 491.9 686.4 1189.6 742.6
F 1309.464095 938.577132 2.493973
D C 568.0 -722.2 1029.5 143.8 487.8 675.9 -21.7 225.9
W C 1291.6 1882.1 377.1 1458.7 491.0 687.1 1187.3 740.0
F 1276.577400 954.477944 2.485472
D C 539.2 -725.9 994.3 145.1 452.1 682.3
W C 1292.5 1879.9 379.6 1457.6 483.9 683.5
F 1254.613189 976.344685 2.491203
D C 502.1 -721.1 959.5 143.1 423.8 679.6
W C 1292.8 1880.0 379.4 1457.2 483.9 683.8
F 1227.908337 997.739507 2.489077
D C 472.7 -720.6 927.4 144.1 389.9 684.6
W C 1291.5 1880.3 381.5 1458.4 483.0 682.3
F 1204.508850 1018.015220 2.494404
D C 439.7 -722.3 894.6 141.8 365.5 685.0
W C 1291.5 1882.1 383.7 1455.8 480.8 683.1
F 1174.441196 1039.696724 2.490379
D C 408.0 -724.1 862.3 144.8 327.5 688.2
W C 1291.5 1881.7 383.2 1456.5 481.4 682.8
F 1137.713126 1071.463628 2.487686
D C 363.4 -720.5 813.0 149.4 278.9 692.8
W C 1291.0 1882.4 384.7 1456.0 480.3 682.6
F 1123.988952 1079.381736 2.488959
D C 347.9 -722.6 793.1 145.8 265.8 690.5
W C 1290.4 1884.2 387.6 1454.2 477.9 682.6
F 1096.592123 1101.941615 2.490048
D C 313.2 -723.1 758.5 146.6 233.0 692.6
W C 1290.5 1884.8 388.4 1453.3 477.2 682.9
F 1056.220821 1131.651880 2.490712
D C 264.4 -723.1 708.3 143.7 184.1 692.2
W C 1289.6 1885.0 389.9 1454.1 476.6 681.9
F 1042.992132 1142.487164 2.489301
D C 249.0 -721.9 691.2 144.6 166.4 693.4
W C 1289.2 1885.0 390.4 1454.5 476.4 681.5
F 1003.859701 1173.794162 2.489890
D C 200.8 -723.4 644.3 145.2 118.3 697.5
W C 1288.8 1885.2 391.2 1454.8 476.1 681.0
F 991.889028 1201.488823 2.512032
D C 625.4 147.0 103.3 700.2
W C 383.0 1458.0 482.0 682.0
F 967.021841 1205.261469 2.492723
D C 153.4 -722.0 592.6 145.0 75.1 701.7
W C 1287.7 1887.4 395.3 1452.9 472.9 680.7
F 927.208840 1251.248812 2.513928
D C 548.2 148.5 25.4 704.5
W C 383.0 1458.0 482.0 682.0
F 913.315096 1243.231055 2.486487
D C 94.8 -727.4 530.3 145.4 6.0 704.9
W C 1286.8 1887.3 396.6 1454.1 472.6 679.6
F 882.161699 1261.829034 2.593573
D C -17.4 -730.3 501.2 85.8 46.7 697.9
W C 1285.6 1888.7 400.0 1453.6 470.5 678.7
F 870.273967 1264.190782 2.653463
D C -69.5 -734.5 488.2 51.5 80.8 694.3
W C 1283.7 1891.9 406.4 1451.1 465.8 678.0
F 848.019842 1263.984562 2.806568
D C -201.2 -720.6 470.1 -31.4 163.9 665.1
W C 1283.8 1891.1 405.4 1452.1 466.8 677.8
F 824.994080 1267.117831 2.950024
D C -325.3 -689.0 438.1 -100.9 236.4 637.5
W C 1282.8 1891.6 407.4 1452.5 465.8 676.9
F 789.207264 1286.409727 3.161470
D C 394.8 -176.1 312.9 586.5
W C 383.0 1458.0 482.0 682.0
F 753.835245 1271.607833 3.402202
D C 305.4 -271.4 408.1 491.9
W C 383.0 1458.0 482.0 682.0
F 744.263113 1263.251556 3.477842
D C 272.6 -298.5 432.8 455.2
W C 383.0 1458.0 482.0 682.0
F 734.880004 1254.408864 3.648536
D C 197.6 -343.3 477.5 375.6 -139.4 637.0
W C 383.0 1466.1 491.1 673.6 1181.9 747.3
F 722.243602 1237.498731 3.801119
D C 121.6 -374.7 509.4 295.3 -59.8 642.2
W C 383.9 1467.7 492.0 670.9 1180.0 748.4
F 710.337340 1215.345177 3.945070
D C 44.4 -397.5 526.6 212.9 9.4 643.2
W C 383.6 1466.9 491.4 672.1 1181.0 748.0
F 701.586429 1180.413489 4.174022
D C -79.6 -408.3 527.6 77.0 122.2 616.6
W C 382.9 1466.1 491.3 673.7 1181.8 747.2
F 685.622299 1170.958636 4.273353
D C -117.1 -404.9 518.4 38.6 154.2 601.9 -301.8 992.1
W C 368.0 1449.9 499.7 683.8 1166.3 774.3 1715.1 1021.9
F 670.782578 1130.567274 4.507536
D C 484.2 -80.6 250.5 552.4 -114.8 1028.0
W C 491.9 669.0 1164.8 770.0 1709.3 1033.0
F 678.609299 1116.389780 4.589219
D C 463.7 -129.5 284.9 522.4 -45.0 1028.0
W C 492.2 670.0 1164.4 767.7 1709.3 1034.3
F 685.037800 1093.401876 4.730420
D C 417.6 -200.3 332.5 472.9 77.4 1016.9
W C 491.4 670.1 1166.3 767.8 1708.4 1034.1
F 708.317390 1054.614905 4.890079
D C 340.7 -282.7 370.5 402.0 195.8 988.2
W C 491.9 672.2 1166.0 763.1 1708.1 1036.7
F 708.251462 1036.501735 4.898110
D C 319.3 -281.9 353.5 402.9 185.7 984.8
W C 490.9 671.8 1168.0 764.3 1707.2 1035.8
F 719.060532 981.752532 4.961391
D C 240.6 -305.9 991.3 835.3 327.0 374.9 198.7 971.5
W C 477.3 667.2 1793.3 212.3 1171.6 752.9 1728.8 1029.5
F 724.841776 960.147040 4.972654
D C 214.0 -309.4 977.9 824.1 314.1 371.6 186.3 971.4
W C 476.4 668.4 1792.1 213.8 1172.8 748.4 1729.6 1031.4
F 729.833294 928.081889 4.978397
D C 178.8 -306.2 951.2 821.8 285.9 373.9 158.4 970.3
W C 476.5 670.1 1793.3 212.5 1174.3 747.1 1726.9 1032.3
F 741.590348 878.580820 4.979503
D C 128.9 -302.7 907.0 823.3 235.7 375.3 107.0 971.2
W C 478.9 670.5 1794.2 208.9 1173.6 748.0 1724.3 1034.6
F 743.909276 864.132590 4.980431
D C 113.7 -302.3 890.0 822.9 222.3 376.8 94.9 971.5
W C 477.2 670.6 1793.9 211.0 1174.7 747.2 1725.3 1033.2
F 762.115061 816.718726 4.978657
D C 66.0 -310.7 840.0 820.9 174.6 375.8 44.1 974.0
W C 475.3 669.0 1790.7 213.1 1176.9 746.1 1728.1 1033.7
F 771.823655 785.533654 4.976913
D C 33.1 -313.4 805.3 821.5 142.7 377.7 11.2 970.1
W C 473.2 669.8 1791.4 214.0 1180.2 745.9 1726.2 1032.3
F 775.497171 770.519575 4.976895
D C 19.5 -314.1 787.0 817.8 126.4 379.8 -3.7 969.8
W C 471.9 667.7 1788.9 214.6 1182.5 747.3 1727.7 1032.3
F 795.414648 720.986953 4.976381
D C -32.5 -322.0 739.6 817.2 75.5 375.2 -57.4 971.4
W C 472.5 667.7 1788.3 214.7 1181.6 746.3 1728.6 1033.4
F 798.431648 706.003610 4.978768
D C -47.5 -322.1 722.7 813.6 62.7 376.4 -69.6 973.6
W C 471.0 666.6 1785.9 216.8 1182.9 745.1 1731.1 1033.5
F 829.736858 669.919729 5.012861
D C -112.3 -327.2 725.8 768.1 37.2 368.9
W C 475.9 680.6 1800.5 193.1 1201.6 745.3
F 827.480052 639.871640 5.081059
D C 737.4 716.2 29.7 360.8
W C 1805.0 190.0 1191.0 747.0
F 845.918262 611.359915 5.147513
D C 749.0 659.2 21.4 352.5
W C 1805.0 190.0 1191.0 747.0
F 861.457027 585.304977 5.207674
D C 758.7 612.0 13.7 349.5
W C 1805.0 190.0 1191.0 747.0
F 870.600274 568.763530 5.240777
D C 758.2 585.2 7.2 348.2
W C 1805.0 190.0 1191.0 747.0
F 902.879211 534.585100 5.334653
D C 770.6 508.9 -4.5 342.3
W C 1805.0 190.0 1191.0 747.0
F 910.869832 520.575142 5.373003
D C 766.6 476.4 -6.5 341.0
W C 1805.0 190.0 1191.0 747.0
F 947.702284 456.402352 5.524165
D C 760.5 392.3 151.5 927.9 -23.1 337.4
W C 1797.1 209.6 1721.4 1044.5 1170.5 725.9
F 972.585226 439.060319 5.589167
D C 755.6 338.4 180.4 910.6 -30.4 337.6
W C 1797.9 208.0 1719.1 1044.2 1171.9 727.8
F 985.818460 432.625715 5.648253
D C 757.7 290.3 220.0 892.9 -24.9 334.6
W C 1798.1 208.6 1719.8 1043.6 1171.1 727.8
F 1028.755502 417.913267 5.791975
D C 753.6 172.2 303.5 850.2 -19.5 330.7
W C 1798.3 207.8 1718.8 1043.8 1171.9 728.3
F 1060.875043 411.810965 5.879963
D C 738.4 98.5 347.6 819.4 -20.3 325.7
W C 1797.4 207.5 1718.7 1045.2 1172.9 727.3
F 1088.025070 408.217924 5.970457
D C 717.3 27.0 393.3 776.9 -18.0 321.5
W C 1798.3 207.7 1718.6 1043.9 1172.1 728.5
F 1120.939258 407.010342 6.063270
D C 686.3 -48.0 429.1 732.3 -16.8 318.1
W C 1798.3 205.1 1715.3 1045.1 1175.4 729.8
F 1134.026164 408.092399 6.103090
D C 674.1 -78.4 446.2 710.7 -17.8 317.5
W C 1799.8 205.1 1714.8 1043.2 1174.4 731.7
F 1180.315367 413.243504 6.256315
D C 609.6 -186.5 504.6 627.4 -14.5 310.6
W C 1800.1 205.3 1714.9 1042.6 1174.0 732.1
F 1208.784916 398.335301 6.403775
D C 563.9 -251.5 530.6 579.1 277.6 1401.2 -14.4 307.3
W C 1821.3 209.6 1683.2 1061.4 1319.9 1876.9 1155.6 713.2
F 1247.073736 430.139998 6.392311
D C 514.5 -280.6 518.6 548.9 -35.7 302.6
W C 1799.8 202.8 1711.9 1044.2 1177.3 733.0
F 1284.401002 438.011875 6.448463
D C 462.0 -312.3 514.2 521.3 -55.7 302.8
W C 1798.9 202.6 1712.0 1045.6 1178.1 731.8
F 1285.114196 406.155195 6.520388
D C 438.5 -324.7 505.4 512.4 343.0 1356.1
W C 1813.4 182.7 1675.0 1054.6 1300.6 1876.7
F 1347.785833 434.934415 6.502396
D C 383.7 -330.5 458.1 506.2
W C 1805.0 190.0 1693.0 1043.0
F 1357.556344 424.707544 0.244067
D C 366.5 -329.6 439.9 510.8 282.2 1358.8
W C 1813.2 182.6 1675.3 1054.9 1300.5 1876.5
F 1409.309675 437.124474 0.246471
D C 314.1 -329.4 389.6 509.6 234.2 1355.6
W C 1813.2 182.4 1675.2 1055.3 1300.6 1876.3
F 1451.548449 458.331713 0.221204
D C 281.4 -334.0 358.1 509.2
W C 1805.0 190.0 1693.0 1043.0
F 1460.669291 449.508810 0.248912
D C 264.3 -331.8 342.2 513.0 188.3 1362.5
W C 1813.3 181.9 1674.9 1056.3 1300.8 1875.9
F 1520.968398 470.939831 0.225616
D C 211.3 -333.1 291.9 512.5
W C 1805.0 190.0 1693.0 1043.0
F 1570.930045 482.204926 0.220571
D C 162.4 -332.1 238.8 514.0
W C 1805.0 190.0 1693.0 1043.0
F 1590.068345 484.272693 0.222038
D C 143.5 -331.4 221.4 517.6
W C 1805.0 190.0 1693.0 1043.0
F 1609.982780 487.644346 0.280530
D C 109.7 -338.3 205.5 510.3 87.2 1366.9
W C 1816.7 181.7 1668.3 1055.9 1304.0 1876.5
F 1641.036889 505.252879 0.352216
D C 51.7 -354.2 204.8 495.6 152.2 1344.3
W C 1818.7 177.8 1663.2 1063.0 1307.1 1873.3
F 1669.365690 525.687745 0.411824
D C -2.0 -366.8 201.7 479.7 201.0 1334.0
W C 1819.3 177.3 1662.0 1063.7 1307.7 1873.0
F 1714.653311 554.756412 0.515082
D C -89.3 -367.3 193.6 452.6 287.5 1303.5
W C 1821.4 178.6 1658.3 1060.9 1309.3 1874.6
F 1733.507278 564.302498 0.491708
D C -114.9 -367.4 192.3 445.6
W C 1805.0 190.0 1693.0 1043.0
F 1733.507278 564.302498 0.491708
D C 188.6 433.5
W C
F 1830.069337 593.402340 0.700141
D C 180.2 421.1 -535.6 1553.0
W C 1693.0 1043.0 383.0 1458.0
F 1852.166113 616.864189 0.807704
D C 191.5 396.3 -394.3 1589.8
W C 1693.0 1043.0 383.0 1458.0
F 1858.739135 629.499435 0.849861
D C 195.4 385.9 -341.6 1607.4
W C 1693.0 1043.0 383.0 1458.0
F 1887.509836 675.520707 0.998418
D C 197.8 352.4 -152.7 1641.1
W C 1693.0 1043.0 383.0 1458.0
F 1887.509836 675.520707 0.998418
D C 201.8 323.6
W C
F 1913.388244 743.059071 1.179031
D C 186.7 307.7 73.9 1631.5
W C 1693.0 1043.0 383.0 1458.0
F 1931.441374 785.432336 1.227777
D C 156.7 300.3 108.7 1625.6
W C 1693.0 1043.0 383.0 1458.0
F 1938.910102 838.745076 1.277198
D C 777.9 870.3 142.8 297.7 130.5 1647.7
W C 1316.1 1859.7 1689.3 1067.0 361.6 1455.3
F 1955.565210 888.439449 1.296685
D C 744.5 853.8 91.7 296.6 109.0 1630.4
W C 1315.0 1867.1 1686.4 1062.5 365.5 1452.4
F 1982.502737 906.191843 1.386297
D C 769.1 794.2 75.3 286.5
W C 1291.0 1881.0 1693.0 1043.0
F 1979.604321 947.497362 1.463154
D C 796.1 731.6 59.8 275.2
W C 1291.0 1881.0 1693.0 1043.0
F 1982.741248 987.968352 1.529611
D C 798.9 673.2 39.8 269.8
W C 1291.0 1881.0 1693.0 1043.0
F 1958.769755 1021.739865 1.545276
D C 806.7 646.7 27.1 268.4 -373.5 1413.0
W C 1307.3 1878.4 1680.2 1057.0 478.5 670.6
F 1956.472909 1078.840466 1.643635
D C 816.6 568.6 474.0 1516.4 -0.2 265.4
W C 1313.4 1872.4 368.8 1450.8 1684.8 1058.8
F 1957.433086 1114.403775 1.726404
D C 572.4 1473.6 -29.0 267.1
W C 383.0 1458.0 1693.0 1043.0
F 1912.121522 1182.032378 1.787261
D C 817.8 457.5 599.2 1437.2
W C 1291.0 1881.0 383.0 1458.0
F 1894.560850 1216.855305 1.856700
D C 813.0 394.5 662.2 1391.8
W C 1291.0 1881.0 383.0 1458.0
F 1872.347750 1252.609218 1.917742
D C 801.2 338.3 710.7 1352.0
W C 1291.0 1881.0 383.0 1458.0
F 1881.924679 1260.916480 1.980946
D C 783.6 281.0 764.5 1295.6 35.1 1477.0
W C 1302.1 1877.7 363.6 1448.5 490.3 694.8
F 1855.920012 1295.437476 2.066256
D C 764.5 209.6 833.2 1216.3 116.1 1466.2
W C 1299.4 1877.3 366.8 1452.5 489.8 691.2
F 1854.333581 1294.354429 2.083927
D C 750.4 188.6 850.1 1201.2 138.7 1465.5 -131.7 814.5
W C 1310.4 1867.4 359.7 1448.5 481.2 683.2 1195.7 768.9
F 1833.690081 1324.176508 2.157146
D C 727.1 133.6 899.2 1132.4 210.0 1454.1 -106.8 819.3
W C 1309.2 1867.1 362.5 1449.2 478.2 681.2 1197.1 770.4
F 1812.705707 1350.127749 2.223262
D C 698.3 82.3 944.5 1076.4 270.3 1433.5 -82.0 825.8
W C 1313.6 1865.1 355.6 1449.0 483.6 681.5 1194.3 772.4
F 1788.733994 1379.607419 2.288665
D C 666.6 37.4 967.4 1005.2 325.5 1413.6 -64.3 828.6
W C 1311.2 1868.3 362.6 1448.6 479.9 678.8 1193.3 772.2
F 1755.751885 1412.008062 2.381903
D C 622.5 -24.4 1014.1 914.9 411.7 1376.0 -33.9 834.3
W C 1311.5 1868.3 360.0 1447.9 481.9 682.0 1193.6 769.8
F 1741.133255 1422.154570 2.422436
D C 604.6 -51.6 1023.5 862.5 449.3 1363.5 -13.3 827.0
W C 1309.8 1870.1 369.7 1448.1 474.3 674.2 1193.1 775.6
F 1712.504501 1443.823751 2.483942
D C 568.7 -89.3 1040.7 798.1 498.2 1330.7 -0.6 831.2
W C 1307.7 1872.0 370.0 1448.4 476.4 677.5 1193.0 770.1
F 1686.986243 1460.711511 2.553179
D C 527.9 -130.1 1061.6 724.8 555.9 1288.5 29.9 827.4
W C 1310.4 1872.5 367.9 1446.7 478.5 677.4 1190.2 771.4
F 1660.881099 1474.597263 2.612086
D C 489.8 -161.4 1074.0 658.4 599.7 1250.5 49.9 822.7
W C 1310.4 1871.9 366.8 1448.2 480.2 677.0 1189.6 771.0
F 1606.684183 1494.566126 2.683725
D C 424.9 -203.8 1063.6 573.7 634.1 1206.3 54.5 815.3
W C 1308.9 1873.7 371.1 1449.0 479.1 674.3 1187.9 770.9
F 1593.860357 1502.994256 2.679678
D C 408.4 -202.0 1043.3 583.6 616.2 1207.9 36.9 814.5
W C 1311.5 1874.8 370.3 1444.1 477.1 676.4 1188.1 772.7
F 1566.238244 1517.446406 2.677919
D C 380.0 -201.3 1007.7 584.2 584.3 1208.8 4.4 815.2
W C 1309.9 1876.5 373.5 1443.8 475.5 676.4 1188.1 771.4
F 1549.197503 1523.384087 2.653375
D C 962.2 581.7 529.8 1207.7 -43.5 821.1
W C 387.2 1458.8 478.5 676.6 1190.3 751.6
F 1505.293256 1551.203918 2.680893
D C 314.8 -199.0 943.1 578.1 513.7 1211.2 -58.9 823.9
W C 1306.8 1877.6 375.4 1450.1 481.1 672.8 1183.7 767.5
F 1461.026331 1576.471848 2.681939
D C 265.7 -198.0 891.4 580.9 465.3 1208.9 -108.0 828.4
W C 1306.7 1879.8 375.6 1447.9 481.8 675.6 1182.9 764.7
F 1472.084071 1581.709060 2.665038
D C 869.8 582.1 451.0 1216.1 -123.8 830.4
W C 390.5 1458.7 475.1 673.0 1190.3 755.3
F 1425.018087 1606.869379 2.666335
D C 819.7 578.2 395.0 1211.1 -171.4 832.0
W C 388.6 1461.8 480.5 671.9 1186.9 753.3
F 1396.551065 1628.729581 2.673775
D C 786.8 577.0 369.8 1208.9 -199.2 836.0
W C 388.3 1460.9 479.8 673.1 1187.9 753.0
F 1386.537440 1636.382190 2.709295
D C 791.9 547.7 397.6 1194.2 -178.9 841.8
W C 388.9 1462.2 480.6 671.1 1186.4 753.7
F 1351.923367 1645.177720 2.783875
D C 800.5 487.3 456.3 1164.3 -151.4 853.1
W C 389.5 1460.9 478.7 671.9 1187.9 754.2
F 1319.021821 1661.094697 2.844272
D C 792.5 440.1 486.3 1136.8 -131.6 864.4
W C 388.8 1463.2 481.8 670.2 1185.4 753.6
F 1269.080776 1670.810465 2.949280
D C 783.9 354.0 551.8 1073.5 -89.2 871.4
W C 387.5 1462.7 482.6 672.2 1185.9 752.1
F 1246.650907 1676.078413 2.992679
D C 773.2 321.0 577.4 1051.0 -73.1 872.3
W C 389.8 1462.3 479.8 670.1 1186.4 754.6
F 1208.567240 1676.134822 3.060899
D C 760.3 264.8 611.3 1007.6 -49.1 875.8
W C 388.5 1462.8 481.8 671.0 1185.7 753.2
F 1159.057771 1679.670039 3.065209
D C 717.7 259.9 567.3 1010.5 -90.0 879.8
W C 388.0 1465.4 485.2 668.8 1182.8 752.8
F 1138.080366 1682.232720 3.070488
D C 700.2 258.4 553.8 1008.0 -106.8 882.8
W C 387.5 1464.4 484.6 670.5 1184.0 752.1
F 1086.576233 1689.524490 3.066795
D C 647.3 264.1 502.1 1014.8 -159.5 883.0
W C 389.5 1464.3 482.4 668.4 1184.1 754.3
F 1064.873040 1690.764427 3.071149
D C 631.6 262.2 485.8 1013.0 -177.4 888.3
W C 387.4 1464.0 484.2 670.9 1184.4 752.1
F 1032.361034 1694.939069 3.067050
D C 597.3 265.3 449.4 1015.8 -211.3 886.6
W C 388.2 1464.6 484.1 669.5 1183.8 752.9
F 981.339320 1701.105019 3.069039
D C 549.5 266.6 401.0 1013.9 -258.8 889.9
W C 386.6 1464.1 485.1 671.7 1184.2 751.2
F 962.717965 1703.982940 3.073780
D C 534.7 265.6 387.7 1016.7 -272.4 895.5
W C 386.3 1464.9 486.4 671.2 1183.3 750.9
F 900.814131 1695.755465 3.068136
D C 487.4 268.7 335.3 1017.6
W C 383.0 1458.0 482.0 682.0
F 867.781542 1695.419813 3.068564
D C 455.4 265.9 303.6 1014.8
W C 383.0 1458.0 482.0 682.0
F 846.952942 1702.422187 3.076554
D C 436.2 267.4 290.6 1016.7
W C 383.0 1458.0 482.0 682.0
F 801.537294 1706.110272 3.068497
D C 389.4 271.1 237.9 1018.8
W C 383.0 1458.0 482.0 682.0
F 783.965056 1707.961757 3.066291
D C 372.0 272.8 218.6 1021.1
W C 383.0 1458.0 482.0 682.0
F 737.672935 1710.356546 3.065898
D C 327.8 272.8 173.6 1023.7
W C 383.0 1458.0 482.0 682.0
F 720.574536 1711.188694 3.063388
D C 311.1 273.8 154.6 1026.0
W C 383.0 1458.0 482.0 682.0
F 683.243979 1715.935413 3.065190
D C 275.0 275.4 119.7 1028.7
W C 383.0 1458.0 482.0 682.0
F 642.442096 1718.984273 3.073243
D C 236.5 272.9 87.6 1026.0
W C 383.0 1458.0 482.0 682.0
F 646.078201 1720.993611 3.073187
D C 238.9 274.0 90.6 1024.0
W C 383.0 1458.0 482.0 682.0
F 648.797584 1722.477061 3.070857
D C 240.1 275.4 90.5 1022.8
W C 383.0 1458.0 482.0 682.0
F 649.330206 1722.765690 3.070402
D C 239.5 274.7 90.1 1019.0
W C 383.0 1458.0 482.0 682.0
F 645.549385 1720.703224 3.073640
D C 238.7 273.7 90.6 1024.2
W C 383.0 1458.0 482.0 682.0
F 645.328521 1720.581757 3.073830
D C 238.7 273.7 90.6 1024.6
W C 383.0 1458.0 482.0 682.0
F 646.591337 1721.274791 3.072747
D C 239.2 274.3 90.6 1024.1
W C 383.0 1458.0 482.0 682.0
